3.181190000000000000e+05
3.166420000000000000e+05
3.170560000000000000e+05
3.199040000000000000e+05
3.176680000000000000e+05
3.189530000000000000e+05
3.199450000000000000e+05
3.137320000000000000e+05
3.178460000000000000e+05
3.208180000000000000e+05
3.220480000000000000e+05
3.200560000000000000e+05
3.182490000000000000e+05
3.193340000000000000e+05
3.187450000000000000e+05
3.135080000000000000e+05
3.165680000000000000e+05
3.152190000000000000e+05
3.172750000000000000e+05
3.198470000000000000e+05
3.195050000000000000e+05
3.163230000000000000e+05
3.187180000000000000e+05
3.187650000000000000e+05
3.208160000000000000e+05
3.165830000000000000e+05
3.144670000000000000e+05
3.194470000000000000e+05
3.145090000000000000e+05
3.175760000000000000e+05
3.158730000000000000e+05
3.207230000000000000e+05
3.181250000000000000e+05
3.172070000000000000e+05
3.158820000000000000e+05
3.167170000000000000e+05
3.161020000000000000e+05
3.190060000000000000e+05
3.190380000000000000e+05
3.181510000000000000e+05
3.164060000000000000e+05
3.167990000000000000e+05
3.178470000000000000e+05
3.191920000000000000e+05
3.172050000000000000e+05
3.174330000000000000e+05
3.113350000000000000e+05
3.151210000000000000e+05
3.168770000000000000e+05
3.225960000000000000e+05
3.209640000000000000e+05
3.144000000000000000e+05
3.187910000000000000e+05
3.181040000000000000e+05
3.181500000000000000e+05
3.202570000000000000e+05
3.192500000000000000e+05
3.184730000000000000e+05
3.197180000000000000e+05
3.213080000000000000e+05
3.165440000000000000e+05
3.180010000000000000e+05
3.190360000000000000e+05
3.166040000000000000e+05
3.187640000000000000e+05
3.240840000000000000e+05
3.201860000000000000e+05
3.215470000000000000e+05
3.231830000000000000e+05
3.209390000000000000e+05
3.223740000000000000e+05
3.191170000000000000e+05
3.163410000000000000e+05
3.245810000000000000e+05
3.209690000000000000e+05
3.202610000000000000e+05
3.200370000000000000e+05
3.195440000000000000e+05
3.225870000000000000e+05
3.193000000000000000e+05
3.168480000000000000e+05
3.196320000000000000e+05
3.196630000000000000e+05
3.190720000000000000e+05
3.217940000000000000e+05
3.158410000000000000e+05
3.168190000000000000e+05
3.188660000000000000e+05
3.175920000000000000e+05
3.163970000000000000e+05
3.146160000000000000e+05
3.195240000000000000e+05
3.149000000000000000e+05
3.141440000000000000e+05
3.197500000000000000e+05
3.201580000000000000e+05
3.174590000000000000e+05
3.140910000000000000e+05
3.149460000000000000e+05
3.194730000000000000e+05
