1.216003000000000000e+06
1.224037000000000000e+06
1.207615000000000000e+06
1.212709000000000000e+06
1.207866000000000000e+06
1.216046000000000000e+06
1.217538000000000000e+06
1.220346000000000000e+06
1.217214000000000000e+06
1.224819000000000000e+06
1.215233000000000000e+06
1.212315000000000000e+06
1.219004000000000000e+06
1.206242000000000000e+06
1.208712000000000000e+06
1.225987000000000000e+06
1.221182000000000000e+06
1.221371000000000000e+06
1.211723000000000000e+06
1.205344000000000000e+06
1.224266000000000000e+06
1.220335000000000000e+06
1.224306000000000000e+06
1.222317000000000000e+06
1.216194000000000000e+06
1.214962000000000000e+06
1.224218000000000000e+06
1.222521000000000000e+06
1.215757000000000000e+06
1.210689000000000000e+06
1.219415000000000000e+06
1.219070000000000000e+06
1.215330000000000000e+06
1.209739000000000000e+06
1.219993000000000000e+06
1.211518000000000000e+06
1.209677000000000000e+06
1.217712000000000000e+06
1.222288000000000000e+06
1.209260000000000000e+06
1.209119000000000000e+06
1.219012000000000000e+06
1.211329000000000000e+06
1.225649000000000000e+06
1.219626000000000000e+06
1.221717000000000000e+06
1.213614000000000000e+06
1.209425000000000000e+06
1.211001000000000000e+06
1.220071000000000000e+06
1.215030000000000000e+06
1.220704000000000000e+06
1.220100000000000000e+06
1.231780000000000000e+06
1.216186000000000000e+06
1.219967000000000000e+06
1.225235000000000000e+06
1.216380000000000000e+06
1.219956000000000000e+06
1.208719000000000000e+06
1.219560000000000000e+06
1.216838000000000000e+06
1.216858000000000000e+06
1.223575000000000000e+06
1.217221000000000000e+06
1.215394000000000000e+06
1.215041000000000000e+06
1.218085000000000000e+06
1.221019000000000000e+06
1.227932000000000000e+06
1.212298000000000000e+06
1.214770000000000000e+06
1.216667000000000000e+06
1.226700000000000000e+06
1.220958000000000000e+06
1.220804000000000000e+06
1.211717000000000000e+06
1.215307000000000000e+06
1.230062000000000000e+06
1.229259000000000000e+06
1.227113000000000000e+06
1.211817000000000000e+06
1.215805000000000000e+06
1.211039000000000000e+06
1.211179000000000000e+06
1.213768000000000000e+06
1.217456000000000000e+06
1.214709000000000000e+06
1.220456000000000000e+06
1.215057000000000000e+06
1.217382000000000000e+06
1.210660000000000000e+06
1.215738000000000000e+06
1.227330000000000000e+06
1.221887000000000000e+06
1.220641000000000000e+06
1.218923000000000000e+06
1.221927000000000000e+06
1.210538000000000000e+06
1.208886000000000000e+06
