6.349150000000000000e+05
6.308340000000000000e+05
6.358720000000000000e+05
6.356200000000000000e+05
6.338070000000000000e+05
6.377320000000000000e+05
6.326820000000000000e+05
6.484240000000000000e+05
6.386720000000000000e+05
6.384220000000000000e+05
6.372460000000000000e+05
6.434460000000000000e+05
6.414460000000000000e+05
6.338020000000000000e+05
6.410280000000000000e+05
6.392130000000000000e+05
6.388630000000000000e+05
6.331740000000000000e+05
6.473350000000000000e+05
6.495750000000000000e+05
6.387750000000000000e+05
6.414880000000000000e+05
6.389470000000000000e+05
6.328090000000000000e+05
6.337650000000000000e+05
6.394600000000000000e+05
6.365390000000000000e+05
6.339700000000000000e+05
6.375270000000000000e+05
6.287700000000000000e+05
6.288320000000000000e+05
6.395140000000000000e+05
6.357320000000000000e+05
6.436500000000000000e+05
6.350670000000000000e+05
6.387790000000000000e+05
6.399310000000000000e+05
6.305900000000000000e+05
6.409880000000000000e+05
6.324740000000000000e+05
6.426010000000000000e+05
6.431120000000000000e+05
6.399200000000000000e+05
6.371820000000000000e+05
6.394410000000000000e+05
6.415720000000000000e+05
6.347180000000000000e+05
6.368600000000000000e+05
6.361100000000000000e+05
6.347060000000000000e+05
6.428510000000000000e+05
6.389590000000000000e+05
6.404810000000000000e+05
6.351740000000000000e+05
6.415860000000000000e+05
6.387350000000000000e+05
6.380140000000000000e+05
6.351250000000000000e+05
6.376610000000000000e+05
6.358340000000000000e+05
6.413040000000000000e+05
6.350110000000000000e+05
6.370320000000000000e+05
6.337220000000000000e+05
6.423530000000000000e+05
6.332360000000000000e+05
6.381910000000000000e+05
6.376200000000000000e+05
6.406170000000000000e+05
6.420980000000000000e+05
6.409660000000000000e+05
6.350570000000000000e+05
6.407360000000000000e+05
6.364200000000000000e+05
6.421090000000000000e+05
6.368680000000000000e+05
6.344260000000000000e+05
6.380430000000000000e+05
6.329360000000000000e+05
6.331240000000000000e+05
6.395140000000000000e+05
6.332940000000000000e+05
6.441830000000000000e+05
6.397300000000000000e+05
6.419130000000000000e+05
6.318740000000000000e+05
6.418950000000000000e+05
6.405200000000000000e+05
6.429550000000000000e+05
6.367800000000000000e+05
6.399270000000000000e+05
6.369790000000000000e+05
6.440660000000000000e+05
6.330050000000000000e+05
6.357260000000000000e+05
6.360260000000000000e+05
6.358240000000000000e+05
6.298340000000000000e+05
6.338250000000000000e+05
6.294770000000000000e+05
