9.218520000000000000e+05
9.308600000000000000e+05
9.254490000000000000e+05
9.269320000000000000e+05
9.291320000000000000e+05
9.163370000000000000e+05
9.196840000000000000e+05
9.209550000000000000e+05
9.268640000000000000e+05
9.325400000000000000e+05
9.231880000000000000e+05
9.283960000000000000e+05
9.244950000000000000e+05
9.242260000000000000e+05
9.273070000000000000e+05
9.213260000000000000e+05
9.284630000000000000e+05
9.338260000000000000e+05
9.237330000000000000e+05
9.310420000000000000e+05
9.289040000000000000e+05
9.337600000000000000e+05
9.314880000000000000e+05
9.321960000000000000e+05
9.261260000000000000e+05
9.306380000000000000e+05
9.232140000000000000e+05
9.229550000000000000e+05
9.311880000000000000e+05
9.327830000000000000e+05
9.326980000000000000e+05
9.281930000000000000e+05
9.325230000000000000e+05
9.234350000000000000e+05
9.264350000000000000e+05
9.406490000000000000e+05
9.279980000000000000e+05
9.249060000000000000e+05
9.317590000000000000e+05
9.180330000000000000e+05
9.322490000000000000e+05
9.292100000000000000e+05
9.224660000000000000e+05
9.215360000000000000e+05
9.261800000000000000e+05
9.317480000000000000e+05
9.227170000000000000e+05
9.229390000000000000e+05
9.314300000000000000e+05
9.323130000000000000e+05
9.357960000000000000e+05
9.307410000000000000e+05
9.291570000000000000e+05
9.323440000000000000e+05
9.327290000000000000e+05
9.272400000000000000e+05
9.192990000000000000e+05
9.257810000000000000e+05
9.189660000000000000e+05
9.298340000000000000e+05
9.292420000000000000e+05
9.284620000000000000e+05
9.241600000000000000e+05
9.350750000000000000e+05
9.277910000000000000e+05
9.257770000000000000e+05
9.185040000000000000e+05
9.220320000000000000e+05
9.291630000000000000e+05
9.345690000000000000e+05
9.340400000000000000e+05
9.394210000000000000e+05
9.305870000000000000e+05
9.292550000000000000e+05
9.239810000000000000e+05
9.271820000000000000e+05
9.290270000000000000e+05
9.163160000000000000e+05
9.247460000000000000e+05
9.217310000000000000e+05
9.267630000000000000e+05
9.312400000000000000e+05
9.371710000000000000e+05
9.301130000000000000e+05
9.287880000000000000e+05
9.346740000000000000e+05
9.275220000000000000e+05
9.255370000000000000e+05
9.297150000000000000e+05
9.227520000000000000e+05
9.285280000000000000e+05
9.324830000000000000e+05
9.367930000000000000e+05
9.421360000000000000e+05
9.389410000000000000e+05
9.373580000000000000e+05
9.256920000000000000e+05
9.285910000000000000e+05
9.233410000000000000e+05
9.154690000000000000e+05
