2.440000000000000000e+02
1.990000000000000000e+02
1.980000000000000000e+02
2.500000000000000000e+02
2.020000000000000000e+02
2.130000000000000000e+02
2.200000000000000000e+02
2.300000000000000000e+02
2.190000000000000000e+02
2.070000000000000000e+02
2.070000000000000000e+02
2.290000000000000000e+02
2.070000000000000000e+02
2.060000000000000000e+02
2.250000000000000000e+02
2.250000000000000000e+02
2.140000000000000000e+02
1.950000000000000000e+02
1.520000000000000000e+02
1.240000000000000000e+02
1.240000000000000000e+02
1.400000000000000000e+02
1.540000000000000000e+02
1.700000000000000000e+02
1.900000000000000000e+02
1.750000000000000000e+02
2.130000000000000000e+02
2.160000000000000000e+02
2.040000000000000000e+02
2.260000000000000000e+02
2.030000000000000000e+02
2.250000000000000000e+02
2.200000000000000000e+02
2.160000000000000000e+02
2.230000000000000000e+02
2.120000000000000000e+02
2.280000000000000000e+02
2.050000000000000000e+02
2.500000000000000000e+02
2.180000000000000000e+02
2.160000000000000000e+02
